34
11 0 .118435153570488 .066423019038702 .067936040120611 .053604716094697 .041883821441036 .045074081328467 .035536185236987 .036865739471036 .039531448603932 .03030686035063 .028039132157624 .025203223601891 .024260991743394 .02283660376586 .031081159471809 .019932272731934 .018365763855741 .016253654796896 .028984911117257 .025286010313513 .022404588767545 .022647795885772 .023302772315091 .016371094521987 .017703942124321 .018248497722489 .016735696142705 .017329630691482 .018995229091711 .013123485347278 .01444219817437 .012201329057064 .01065295134568
12 .08397590147674 0 .102325610582502 .112898978327563 .069099722569101 .045772417268681 .050301239985379 .035940255206712 .037846871665473 .036354893999873 .028837971397222 .026015208145237 .022699385791963 .021633728570678 .020042979722045 .029763444909889 .016960176572926 .015364954514134 .013287206177813 .026232284894047 .022245205575889 .019257101709286 .018915218230978 .019333369079329 .013043127539367 .014387192712688 .015037994357627 .013600345495878 .013913032909107 .015724200820261 .010277232262215 .011295214431356 .009441716654034 .008175816444009
13 .034221558603354 .074351797425193 0 .168675306548795 .128875719463303 .057366860318284 .071763882032732 .038782254175363 .038762432892438 .026634530214831 .028474575360684 .024825822433634 .020509422325346 .019396048229813 .017470067360863 .030016475704026 .014265672818962 .012676832442462 .010690715442315 .021702709858791 .018382607880881 .015812884859116 .014678211720126 .014765008024556 .009988928893618 .011227698820931 .011965230750229 .010724878012822 .010689082800781 .012506322870179 .007879041089093 .008555235777521 .007162677432836 .006199507416121
14 .034991019519555 .082011042441525 .168626839942837 0 .120555036564667 .054761981852035 .059083949230916 .038006739507707 .041238941972729 .031347038577384 .027985837234434 .024449953518387 .020637216572562 .01943405988028 .017697078206581 .029025851062352 .014482138244704 .01289304029915 .010896493521558 .023691208356141 .019579665902356 .016574221540457 .015693686408356 .015884640829289 .010409670932936 .01170100420997 .01240978280065 .011077657734648 .011175896020378 .013025610569865 .008093528199088 .008872170140049 .007357647134421 .006329351072034
15 .025333917153137 .046057631670181 .118219542498901 .110618645750461 0 .090373452869739 .101550711306141 .04981647751782 .050739957846695 .027014950651013 .032955301652145 .027784962117418 .022293757982788 .020843121554382 .018516280656907 .034833963674874 .014709731285315 .012896639267174 .010692865534327 .02333381361747 .019440468396591 .016444587850409 .014849431962515 .014831531119359 .009830517982404 .011194677429901 .01205004019593 .010694916834242 .010569185869216 .012634161228818 .007668832211992 .008325071304081 .006922630717648 .005958222290006
16 .018542911948484 .028579948235494 .049295984454474 .047071108521899 .084659006266815 0 .125611318644518 .102870018674416 .076992600761062 .023709053295887 .048482208045517 .037524392344666 .02734420752202 .025158209622137 .021435465975879 .053043465914031 .016183434497808 .013844318208334 .011144788139888 .024464344370363 .020758091960298 .01755053334976 .014817545914276 .014541573088317 .009751021212419 .011311018957617 .012428106396156 .010924787753222 .010512683269216 .013021505154688 .007609211072803 .008173349678153 .006800524606772 .00584326214261
17 .022202193034327 .034944081870929 .068610998496767 .056504383261115 .105840678252997 .139754605445673 0 .069144484321331 .053131243004268 .02334942127688 .042647114696817 .034872883212099 .025955262909867 .024324577700548 .020896601103973 .047580719846948 .016239764926826 .014064128693941 .011487407087482 .022854193663781 .019819992155226 .017153625951705 .014777178955414 .014568776566823 .010067612627797 .011546798599208 .01260209868773 .011202224985245 .010793803782893 .013137966643015 .007989001906422 .008538314112626 .007179718667698 .006218143551631
18 .015206261223148 .021689960009177 .032210948680577 .03157591094307 .045105064862778 .099428027518114 .060067588028171 0 .092155968170445 .021560798525887 .088066202442594 .056852909688585 .035833142395055 .032147500234822 .025968226712429 .098281690705923 .018425585438841 .015335750826846 .011966287024649 .0259555902452 .022747650294729 .019331152743445 .015249533139775 .014721814233919 .009999176765169 .011803122103505 .01323094076642 .011516092209964 .010809253259661 .013854035278 .007792715187699 .008298882284934 .006899821115436 .005912396941033
19 .017479489660155 .02530822806153 .035672672943017 .037962687147369 .05090454445539 .082456168863772 .051143068925503 .102112197684424 0 .030929498885636 .061080219371315 .047227591579902 .037134192899084 .032890061014676 .028437059275061 .057928546031215 .020546564835537 .017256536049484 .013579239283735 .038090140333237 .030412765482351 .024144447786449 .019586027975814 .019019187677846 .011956072623749 .014177927737624 .01575657344263 .013534339483814 .013038750136382 .016702724406674 .009013132948229 .009792422292304 .007976817499707 .006750103206387
21 .029084407273616 .037723008719891 .038034819116823 .044777272828982 .04205545356792 .039400348637741 .034875835380356 .037070691565086 .047993737646568 0 .032339767637136 .029976686964195 .029371611251688 .027506991616901 .027171168723628 .031365706077559 .023297524684674 .021233133114017 .018362105883145 .061561417815746 .043080495810804 .033037956619781 .038588164184789 .041749081196688 .020488873090218 .023091736866317 .023548217539315 .020457376348937 .022597342010267 .025478870096051 .014315737361886 .016737514845687 .012951555216562 .010675390307024
31 .011211347466768 .015045531157538 .020445274544567 .020100126986836 .025795432285742 .040510501451313 .032028568511247 .076133271525826 .047655348952129 .016260588951945 0 .138621618266793 .048901249596088 .04243047793614 .030186613432284 .208032123550305 .019446008352065 .015547645275509 .011624552404165 .022141564696521 .020971920879716 .018563157152815 .013459351802297 .012750299559473 .009041560999164 .010862233384963 .012496579793284 .010808278447531 .009771956838112 .013010620482466 .007113357628811 .007456331850767 .006233156091433 .005343349745388
32 .011892879467999 .015562368963577 .020438307095314 .020134651640607 .024936351612172 .035950462454572 .030029030765435 .056353838687352 .04224861239765 .017281784852315 .158941222654272 0 .077824432723679 .06712283234611 .041919575763529 .110048459946241 .025229366112064 .019626203284899 .014273308351346 .024479896195833 .024306019402106 .022269149687436 .01545974075992 .014508703205292 .010603250354684 .012852384731524 .015010814728369 .012958981124747 .011448576087995 .015552539680516 .008406731575028 .008723518110932 .007323415355724 .006282589880759
33 .010119313712563 .012853903237196 .015983328342534 .016087543031569 .018939953297156 .024798686141676 .021156869606077 .033622362094035 .031445836893883 .016028956502912 .053075984617073 .073669628745938 0 .232309210453371 .08539351105175 .043908353784647 .035036189822442 .024726614803331 .016520581152567 .025816465196703 .028447177983113 .027654267107473 .016739244455861 .015316015550335 .011407932635275 .014299483247284 .017394350591681 .014637682897051 .012400842600044 .01802270640416 .008902788690938 .00918747260185 .007629833941444 .006466908806069
34 .009994224530758 .01256891766789 .015508601372678 .015543460756794 .018167868073324 .023409311832922 .02034308768258 .030948251569034 .028575868075211 .015401611303097 .047249978034313 .065191110057104 .238348275190707 0 .101451350650411 .040563711906416 .039076924815596 .026843442694784 .01753966818086 .02417931220837 .027035458786231 .027266304723625 .016499323296254 .015076302355553 .011616818867082 .014565642619154 .017850364377357 .015120085873088 .012581149005783 .01834705495329 .009196846500116 .009391415358862 .007861087895313 .006687168785444
35 .011125955599884 .013771905875119 .016520348749985 .016739828658778 .019087990712285 .023588867892079 .020668666994638 .029566264525557 .029220301325202 .017992712342085 .0397560597223 .048150437210171 .103618120141779 .119983931169081 0 .0351868863651 .071902677260182 .042221742480497 .024850560656998 .03005084832945 .036764730433633 .040766264496784 .021754008604645 .019461759561807 .015367605540582 .0198973147265 .025456426007228 .020986752467729 .016745028735004 .026116715772304 .011960669382924 .012178604582653 .010075357790422 .008464655886614
36 .012189056587392 .016461978524445 .022848169233224 .022100468311016 .028905230069035 .046986504620808 .037882174432942 .090072840506485 .047913700158729 .016719006307549 .220539517003581 .101749996059844 .042886940869843 .038616243038791 .028323564897192 0 .019046630757652 .01545308777122 .011725645746303 .021613537042607 .020303364214267 .018074206126496 .013473869389183 .012836370063881 .009188744080762 .010944832102382 .012498590832385 .010896150051605 .009900276163134 .012981041694928 .007293900602054 .007632344379884 .006416275491648 .005525742868732
51 .011153646560667 .013384938486787 .015494270814873 .015733899750355 .017416683138582 .020454982634152 .018448913965039 .02409515427146 .024248980334771 .017719536169322 .029415325637454 .033284646323571 .048829464405319 .053081096387845 .082584646266286 .027177239292904 0 .116470670788372 .043197270278274 .028194496755696 .036164568229475 .047362402420308 .024875669969486 .021874146665418 .02001824375477 .026921502111003 .037501295087684 .030913025703891 .021651982650688 .036678906755098 .015994364383906 .015683244162671 .013080291424508 .010894494419361
52 .010954152722382 .012924895112275 .014675718452685 .014930308042031 .016275974553083 .018651326810315 .017029960361275 .021375840361261 .021707890372763 .017213389248324 .02506787695644 .027598383087087 .036731570003866 .038865786198038 .051689239479697 .023502398477218 .124144165915385 0 .073041029515409 .026260563464381 .033481520324557 .045256882692997 .025971815403421 .022750875471199 .023590329438528 .03238892686902 .047768329544932 .040850127584024 .025236999784361 .044013154020769 .019432086756554 .018395761938877 .015464745088676 .01275797594817
53 .011434917330438 .01318383090943 .014598478451934 .014883750966928 .015917569586906 .017710147484223 .016407220658183 .019673868820512 .020148913835628 .017558483198733 .022107588502909 .023674684262023 .028947585858712 .029954551291588 .035884953094818 .021035163161446 .054309805042327 .086154722468043 0 .024900593785275 .030561691591534 .039526952683971 .028029419096893 .024814505067691 .032576632040675 .043757169117018 .061989786042254 .068217099219276 .033486768597255 .051938550229025 .030108334880654 .025888090955183 .022470386296779 .018147785471736
61 .015918962380082 .020319118197105 .023135323342691 .025262343037285 .027116220840808 .030349023944227 .025482362906159 .033313637150267 .04412142771142 .045955120425203 .032872613001058 .031697857273111 .03531381148537 .03223637315917 .033876124019806 .030268837831628 .027672415715354 .024181154295596 .019438846464081 0 .104429011843694 .052221745042018 .046613738308683 .043653490906511 .019724960180988 .024632623532068 .027033421790808 .021746881323892 .022442166012491 .030268973906895 .013084478432328 .015039771906608 .011379619959726 .009197543672867
62 .01281514438432 .015900309182936 .018082944193009 .019266024234662 .020847336269055 .023762875237803 .020392838545149 .026941892206169 .032508228738389 .029676070719553 .028731912731505 .029042539138722 .035907685729569 .033261082898434 .038244481114254 .026238458486705 .032754156509257 .028449757401145 .022016008500128 .096365499735086 0 .096391464310342 .050681480347739 .041876743190299 .021043921378415 .028286577015211 .033167111549899 .025014067240881 .024341911717506 .038276036487224 .013562507064436 .015426698860632 .011527383836777 .009198851044788
63 .011467592571409 .013901195617463 .015709603074735 .016470699725565 .017809795191174 .020290556576602 .017824699752889 .023122851407015 .026064341410419 .022984283396172 .025684449052431 .026873019198454 .035253518104549 .033878253208803 .042828255978647 .02358965704285 .043322044471805 .038837397350986 .028757201078156 .048668042020348 .09734881350079 0 .047329045259109 .037084989418433 .024379293172687 .036123649941543 .048834740719909 .033113862337666 .02843246933926 .058310179764028 .015524471417747 .017242546698723 .012825020213615 .010113461986018
64 .012498519071595 .014722105447944 .015722608065773 .016815168269759 .017339761114851 .018470440796128 .016555990077518 .019666972986364 .022796763117225 .028944712767711 .020078898996397 .020114645002059 .023007715544789 .022103354816602 .024641441217072 .018960599572398 .024532812740996 .024030628346138 .02198693612482 .046838584857154 .055187244938566 .051029942742473 0 .167670157302375 .032588145745798 .042175042920988 .038880665637567 .030447664434126 .040726138889081 .046924693814326 .017057183258997 .021816955313403 .014597528146101 .011069977922907
65 .013950349837758 .016323414227934 .017156552357749 .018462841385015 .01878729040036 .019663338734106 .017706454159626 .020596204647988 .024013953861568 .033970891209471 .020633886172754 .020477816820217 .022836436633461 .021909466042403 .023914086940098 .019595071580225 .023401762594148 .022835252835692 .021115488198408 .047583206297423 .049466047782334 .043375089966785 .181886582793493 0 .032470386559067 .038312215591692 .034527499212915 .028455746219936 .03946731733655 .040084736517192 .017445493761919 .022732707825231 .015235523635876 .011606887860603
71 .009845145123652 .011062469850851 .01165955978559 .012154162532277 .012508967451416 .013245332681149 .012291415867381 .014052610546431 .015164467046327 .016747307334633 .014698430327711 .015033530125115 .017086628888507 .016958641990032 .018969016086132 .014090541412011 .021513462908164 .023785299070824 .027846370121852 .021598209924042 .02497053710879 .028643774006559 .035511698213308 .032617776932751 0 .083063135867506 .046133824179902 .05309779851496 .176906524723454 .046073686118072 .037192980462006 .06855738227428 .028777291029864 .01814202149445
72 .009180317296946 .010521792296868 .011300490402187 .011780249229588 .012282872647969 .013248228326603 .012155709460912 .014303192012381 .015505817574592 .01627521829158 .01522614550342 .015712633419614 .018467711719871 .018334826665933 .02117758211 .014471846013432 .024947494836479 .028158821446913 .03225187223485 .023257101950467 .028941758418911 .036596879667755 .03962877329255 .033185431707723 .071622854775421 0 .087143370570003 .083033717292262 .099169591883903 .088899817763059 .026288244235623 .033177434149401 .019903742978104 .013848459824676
73 .008421653991835 .009787823897731 .010717911847027 .01111931642944 .011766828572194 .012955184504815 .011807125039887 .014269519849 .015336499882796 .014771031601814 .015589944831376 .016332478359463 .019993256072115 .019997550869499 .024113591579068 .014708163388779 .030928331048162 .036960729571622 .04066384267925 .022715824967003 .030201932673513 .044031541006946 .032514071245257 .02661692578678 .035403428897159 .077556271019441 0 .092463323464202 .041383751751847 .187381491916285 .020440831844638 .022045700658176 .015510613752557 .011493507000325
74 .009431583998819 .010809777349463 .011731459394613 .012120831949847 .012753192669392 .01390664045636 .012816698124402 .015166813509316 .016086891091239 .015670155324538 .016465711991258 .017218260034634 .020545571307225 .020684954051339 .024276176656061 .015658171611432 .031133096119694 .038597971091379 .054645210781319 .022314905697838 .02781518641871 .036459895213142 .03109297119308 .026787570496079 .049759151233696 .090241774212157 .112911994209088 0 .05227287694836 .07896657201186 .03168479228187 .031614579741207 .022368451151114 .015990111679468
75 .009715813034095 .011001137845645 .011631858442095 .012165104001928 .012538108707176 .0133128728652 .01228557167151 .014162303328885 .015417714709872 .017219863776421 .01480998151655 .015132785153672 .01731593987044 .017122595421822 .019269477222685 .014153513673652 .021693391512705 .023722353299686 .026685852723045 .022909300476455 .026927828419368 .031143623681037 .041374281436842 .03696153014628 .164926060726501 .107221198285415 .050274692725617 .052002639708542 0 .052745972858067 .029191208513203 .046461044158904 .023110773153154 .01539360693353
76 .008771052593211 .010240041436175 .011208710225257 .011677473802734 .012343952685864 .013581155757002 .012315905389423 .014949677597332 .016266296930156 .015990787629645 .016240085949306 .016931134029741 .02072679824649 .020565202446455 .024752549414842 .015284239792835 .030266590766848 .034073745507355 .03408905835953 .025448494487991 .034873131421229 .052603698752616 .039262324846037 .030917808706477 .035376570784383 .079162652821522 .187483734348071 .064700793950227 .043441683297349 0 .019058316619656 .021549970417676 .014829784235717 .011016576750847
81 .011829319820435 .013065099073833 .013784873150267 .014164201603993 .014626501937963 .015492395576607 .014619553788014 .016415259206391 .017134860029959 .017539080310081 .017332785474711 .017865505701567 .019986727027991 .02012375256977 .022128922247 .016764767775785 .025764250406215 .029367043605308 .038575833927867 .021474557081382 .024121669764391 .027339598183332 .027860267594598 .026267354901272 .055747726233415 .045696659465139 .039924443560946 .050678131305421 .046932405767272 .037203854843052 0 .075881158610422 .113482034224742 .050809405230858
82 .012203998433913 .013461370455165 .014032002451804 .014556009730534 .014885295456796 .015600455758038 .014647785808929 .016388409447439 .017452320427192 .019223936798091 .017032453299444 .017379531317307 .019336146721737 .019264570895521 .021123241642572 .016445758918604 .023683434875623 .026062545365125 .03109473582949 .023140210724948 .025721639802239 .028466559195742 .033406453335566 .032087989470934 .096333793698309 .054065961194375 .040366628036824 .047404044959395 .070027394482466 .039437406060444 .071136454146987 0 .06232637730454 .032205083953909
91 .012564484816364 .013712431215079 .014316332131497 .014710252729274 .015083751379098 .015817881797818 .015009837235975 .016604420978579 .017324527675242 .018127669686029 .01735116676875 .017779877425557 .019568505769438 .019650773333416 .021295714592746 .016847973362059 .024071043002567 .026699954189451 .032890167654432 .021336467619531 .023422060998645 .025802413254396 .027238566780327 .026207006986432 .04927686256585 .039526156904197 .034609573917049 .040872631964296 .042448483516277 .0330723609391 .129644493483374 .075952240112033 0 .081163915215122
94 .014876725303474 .016102543674721 .016804028521968 .017160906231851 .017605759156902 .018431519242876 .017629059924553 .019295202564582 .019881173459939 .020262996730112 .02017131154814 .02068491121098 .022492574611087 .022669353423813 .024262799085694 .01967683258921 .027188448395815 .029870973999705 .036022930459618 .023386567042425 .025347071738208 .027593193664551 .028012478756278 .02707544991466 .042128759493264 .037295047544252 .034779208047893 .039623062775985 .038343164437155 .033317843617852 .078717433977737 .053222220856655 .110068447998045 0
